02460
02467
02467
02471
02475
02475
02480
02484
02488
02488
02492
02496
02496
02500
02504
02504
02508
02512
02516
02520
02520
02524
02528
02532
02532
02536
02540
02544
02548
02552
02556
02556
02564
02568
02572
02576
02576
02580
02584
02588
02592
02592
02596
02600
02604
02608
02612
02616
02620
02624
02628
02632
02636
02636
02640
02644
02648
02652
02652
02656
02660
02664
02664
02668
02672
02676
02680
02680
02684
02688
02692
02696
02700
02704
02708
02712
02712
02716
02720
02724
02728
02732
02736
02736
02740
02744
02748
02748
02752
02756
02760
02760
02764
02768
02772
02776
02776
02780
02784
02788
02792
02796
02796
02800
02804
02808
02808
02812
02816
02820
02820
02824
02828
02832
02836
02836
02840
02844
02848
02848
02852
02856
02860
02864
02864
02868
02872
02876
02876
02880
02884
02888
02892
02892
02896
02900
02904
02904
02908
02912
02916
02920
02920
02924
02928
02928
02936
02940
02940
02944
02948
02952
02956
02956
02960
02964
02968
02972
02992
02996
02996
03000
03004
03008
03008
03012
03016
03020
03020
03024
03028
03028
03032
03036
03040
03040
03044
03048
03052
03052
03056
03060
03064
03064
03068
03072
03072
03076
03080
03084
03084
03088
03092
03092
03096
03096
03100
03104
03104
03108
03108
03112
03116
03116
03120
03120
03124
03128
03128
03132
03136
03136
03140
03144
03144
03148
03148
03152
03156
03160
03160
03164
03164
03168
03172
03172
03176
03180
03184
03184
03188
03192
03192
03196
03200
03204
03204
03208
03212
03212
03216
03220
03220
03224
03228
03232
03232
03236
03240
03244
03244
03248
03252
03256
03256
03260
03264
03268
03268
03272
03276
03280
03280
03284
03288
03288
03292
03296
03296
03300
03304
03308
03308
03312
03316
03316
03320
03324
03324
03328
03332
03336
03336
03340
03344
03344
03348
03352
03356
03360
03360
03368
03372
03372
03376
03380
03380
03384
03388
03388
03392
03396
03400
03400
03404
03408
03408
03412
03416
03416
03420
03424
03424
03428
03432
03436
03440
03444
03448
03452
03456
03456
03460
03464
03468
03468
03472
03476
03476
03480
03484
03484
03488
03492
03492
03496
03500
03504
03504
03508
03512
03516
03520
03520
03524
03528
03532
03532
03536
03540
03544
03544
03548
03552
03556
03560
03564
03568
03568
03572
03576
03576
03580
03584
03588
03588
03592
03596
03596
03600
03604
03604
03608
03612
03616
03616
03620
03624
03624
03628
03632
03636
03636
03640
03644
03644
03648
03652
03652
03656
03660
03660
03664
03668
03672
03672
03676
03680
03684
03684
03688
03692
03696
03696
03700
03704
03704
03708
03712
03716
03720
03720
03724
03728
03728
03732
03736
03740
03740
03744
03748
03752
03756
03760
03760
03768
03768
03772
03776
03776
03780
03784
03788
03796
03796
03800
03804
03808
03812
03816
03816
03820
03824
03828
03832
03836
03840
03840
03844
03848
03852
03852
03856
03860
03864
03864
03868
03872
03872
03876
03880
03880
03884
03888
03892
03896
03896
03900
03904
03904
03908
03908
03916
03916
03920
03924
03924
03928
03932
03936
03940
03944
03944
03948
03952
03956
03960
03964
03968
03972
03976
03980
03984
03988
03988
03992
03996
04000
04004
04008
04012
04012
04016
04020
04020
04024
04028
04028
04032
04036
04036
04044
04044
04048
04052
04052
04056
04060
04060
04064
04068
04068
04072
04076
04080
04080
04084
04088
04088
04092
04096
04100
04100
04104
04108
04108
04112
04116
04120
04120
04124
04128
04128
04132
04136
04136
04140
04144
04144
04148
04152
04156
04156
04160
04164
04168
04168
04172
04176
04176
04180
04184
04188
04188
04192
04196
04200
04232
04236
04240
04244
04248
04252
04252
04256
04264
04268
04272
04276
04280
04280
04288
04292
04296
04300
04304
04304
04308
04312
04316
04320
04320
04324
04328
04332
04332
04336
04340
04344
04344
04348
04352
04356
04356
04360
04364
04368
04368
04372
04376
04380
04380
04384
04388
04392
04396
04396
04400
04404
04408
04408
04412
04416
04420
04420
04424
04428
04432
04432
04436
04440
04444
04448
04448
04452
04456
04460
04460
04464
04468
04468
04472
04476
04480
04484
04484
04488
04492
04496
04500
04500
04504
04508
04512
04512
04516
04520
04524
04528
04528
04532
04536
04540
04544
04544
04548
04552
04556
04556
04560
04564
04568
04568
04572
04576
04580
04580
04584
04588
04592
04596
04600
04600
04604
04608
04612
04616
04620
04624
04628
04632
04676
04676
04680
04684
04688
04688
04692
04696
04700
04704
04708
04708
04712
04716
04720
04720
04724
04728
04728
04732
04736
04740
04740
04744
04744
04748
04752
04752
04756
04756
04760
04764
04764
04768
04768
04772
04772
04776
04780
04780
04784
04788
04788
04792
04792
04796
04796
04800
04804
04804
04808
04812
04812
04816
04820
04820
04824
04824
04828
04832
04832
04836
04840
04840
04844
04848
04848
04852
04856
04856
04860
04864
04864
04868
04872
04876
04876
04880
04884
04884
04888
04892
04896
04896
04900
04904
04904
04908
04912
04912
04916
04920
04924
04924
04928
04932
04936
04940
04940
04944
04948
04952
04956
04956
04960
04964
04964
04968
04972
04972
04976
04980
04980
04984
04988
04992
04992
04996
05000
05000
05004
05008
05008
05016
05016
05020
05024
05024
05028
05032
05036
05036
05040
05044
05044
05048
05052
05056
05056
05060
05064
05064
05068
05072
05076
05076
05080
05084
05084
05088
05092
05092
05096
05100
05104
05104
05108
05112
05116
05120
05120
05124
05128
05128
05132
05136
05136
05140
05144
05144
05148
05152
05152
05156
05160
05160
05164
05168
05172
05172
05176
05180
05180
05184
05188
05188
05192
05196
05196
05200
05200
05204
05208
05212
05212
05216
05220
05224
05224
05228
05232
05232
05236
05240
05240
05244
05248
05248
05252
05256
05256
05260
05264
05268
05268
05272
05276
05276
05280
05284
05284
05288
05292
05296
05296
05300
05304
05304
05308
05312
05312
05316
05320
05324
05324
05328
05332
05332
05336
05340
05344
05344
05348
05352
05352
05356
05360
05360
05364
05368
05368
05372
05376
05376
05380
05384
05388
05388
05392
05396
05400
05400
05404
05408
05408
05412
05416
05416
05420
05424
05424
05428
05432
05436
05436
05440
05444
05444
05448
05452
05452
05456
05460
05460
05464
05468
05468
05472
05476
05476
05480
05484
05488
05488
05492
05496
05496
05500
05504
05504
05508
05512
05512
05516
05520
05524
05524
05528
05548
